start=1629.938000
volume=85.000000
