start=4865.583000
volume=80.000000
