start=1104.720000
speed=1.000000
