start=110.833000
volume=75.000000
aid=1
