start=2304.458000
pause=yes
volume=65.000000
aid=1
