start=4379.375000
volume=64.000000
