start=4879.000000
speed=1.948717
volume=130.000000
