start=3660.023033
volume=75.000000
