start=378.792000
speed=1.331000
pause=yes
volume=96.000000
sid=1
