start=94.340000
volume=60.000000
