start=1182.000000
volume=85.000000
